CAAExample2
1500                           
393.2
100.0
5
1
2                                                                                 
10000.0                       
5                                                                            
2000
12.97
12.38                         
50
110                      
8
0    344    0.00
100  340    0.00 
350  344    0.00 
500  348    0.00 
900  346    0.00
1200 346    0.01 
1500 346    0.10 
2000 346    1.00



CAAExample1
1500                           
391.2
100.0
5
1
2                                                                               
5000.0                       
10                                                                            
2000 
12.97
12.38                        
40
100                      
7
0    345    0.00
100  349    0.00 
500  341.5  0.00 
700  344    0.00 
900  344    0.01 
1500 344    0.10 
2000 344    1.00

















